PI = 3.14159
E = 2.71828
GREETING = Hello, world!
MAX_RETRIES = 10
